{
 "cells": [
  {
   "cell_type": "code",
   "execution_count": 16,
   "metadata": {},
   "outputs": [],
   "source": [
    "#Cargar librerías:\n",
    "import numpy as np\n",
    "from sklearn.preprocessing import StandardScaler\n",
    "from sklearn.decomposition import PCA\n",
    "import seaborn as sns\n",
    "import matplotlib.pyplot as plt\n",
    "import statsmodels.api as sm\n",
    "import pandas as pd"
   ]
  },
  {
   "cell_type": "code",
   "execution_count": 19,
   "metadata": {},
   "outputs": [
    {
     "data": {
      "text/html": [
       "<div>\n",
       "<style scoped>\n",
       "    .dataframe tbody tr th:only-of-type {\n",
       "        vertical-align: middle;\n",
       "    }\n",
       "\n",
       "    .dataframe tbody tr th {\n",
       "        vertical-align: top;\n",
       "    }\n",
       "\n",
       "    .dataframe thead th {\n",
       "        text-align: right;\n",
       "    }\n",
       "</style>\n",
       "<table border=\"1\" class=\"dataframe\">\n",
       "  <thead>\n",
       "    <tr style=\"text-align: right;\">\n",
       "      <th></th>\n",
       "      <th>Name</th>\n",
       "      <th>GP</th>\n",
       "      <th>MIN</th>\n",
       "      <th>PTS</th>\n",
       "      <th>FGM</th>\n",
       "      <th>FGA</th>\n",
       "      <th>FG%</th>\n",
       "      <th>3P Made</th>\n",
       "      <th>3PA</th>\n",
       "      <th>3P%</th>\n",
       "      <th>...</th>\n",
       "      <th>FTA</th>\n",
       "      <th>FT%</th>\n",
       "      <th>OREB</th>\n",
       "      <th>DREB</th>\n",
       "      <th>REB</th>\n",
       "      <th>AST</th>\n",
       "      <th>STL</th>\n",
       "      <th>BLK</th>\n",
       "      <th>TOV</th>\n",
       "      <th>TARGET_5Yrs</th>\n",
       "    </tr>\n",
       "  </thead>\n",
       "  <tbody>\n",
       "    <tr>\n",
       "      <th>0</th>\n",
       "      <td>Brandon Ingram</td>\n",
       "      <td>36</td>\n",
       "      <td>27.4</td>\n",
       "      <td>7.4</td>\n",
       "      <td>2.6</td>\n",
       "      <td>7.6</td>\n",
       "      <td>34.7</td>\n",
       "      <td>0.5</td>\n",
       "      <td>2.1</td>\n",
       "      <td>25.0</td>\n",
       "      <td>...</td>\n",
       "      <td>2.3</td>\n",
       "      <td>69.9</td>\n",
       "      <td>0.7</td>\n",
       "      <td>3.4</td>\n",
       "      <td>4.1</td>\n",
       "      <td>1.9</td>\n",
       "      <td>0.4</td>\n",
       "      <td>0.4</td>\n",
       "      <td>1.3</td>\n",
       "      <td>0.0</td>\n",
       "    </tr>\n",
       "    <tr>\n",
       "      <th>1</th>\n",
       "      <td>Andrew Harrison</td>\n",
       "      <td>35</td>\n",
       "      <td>26.9</td>\n",
       "      <td>7.2</td>\n",
       "      <td>2.0</td>\n",
       "      <td>6.7</td>\n",
       "      <td>29.6</td>\n",
       "      <td>0.7</td>\n",
       "      <td>2.8</td>\n",
       "      <td>23.5</td>\n",
       "      <td>...</td>\n",
       "      <td>3.4</td>\n",
       "      <td>76.5</td>\n",
       "      <td>0.5</td>\n",
       "      <td>2.0</td>\n",
       "      <td>2.4</td>\n",
       "      <td>3.7</td>\n",
       "      <td>1.1</td>\n",
       "      <td>0.5</td>\n",
       "      <td>1.6</td>\n",
       "      <td>0.0</td>\n",
       "    </tr>\n",
       "    <tr>\n",
       "      <th>2</th>\n",
       "      <td>JaKarr Sampson</td>\n",
       "      <td>74</td>\n",
       "      <td>15.3</td>\n",
       "      <td>5.2</td>\n",
       "      <td>2.0</td>\n",
       "      <td>4.7</td>\n",
       "      <td>42.2</td>\n",
       "      <td>0.4</td>\n",
       "      <td>1.7</td>\n",
       "      <td>24.4</td>\n",
       "      <td>...</td>\n",
       "      <td>1.3</td>\n",
       "      <td>67.0</td>\n",
       "      <td>0.5</td>\n",
       "      <td>1.7</td>\n",
       "      <td>2.2</td>\n",
       "      <td>1.0</td>\n",
       "      <td>0.5</td>\n",
       "      <td>0.3</td>\n",
       "      <td>1.0</td>\n",
       "      <td>0.0</td>\n",
       "    </tr>\n",
       "    <tr>\n",
       "      <th>3</th>\n",
       "      <td>Malik Sealy</td>\n",
       "      <td>58</td>\n",
       "      <td>11.6</td>\n",
       "      <td>5.7</td>\n",
       "      <td>2.3</td>\n",
       "      <td>5.5</td>\n",
       "      <td>42.6</td>\n",
       "      <td>0.1</td>\n",
       "      <td>0.5</td>\n",
       "      <td>22.6</td>\n",
       "      <td>...</td>\n",
       "      <td>1.3</td>\n",
       "      <td>68.9</td>\n",
       "      <td>1.0</td>\n",
       "      <td>0.9</td>\n",
       "      <td>1.9</td>\n",
       "      <td>0.8</td>\n",
       "      <td>0.6</td>\n",
       "      <td>0.1</td>\n",
       "      <td>1.0</td>\n",
       "      <td>1.0</td>\n",
       "    </tr>\n",
       "    <tr>\n",
       "      <th>4</th>\n",
       "      <td>Matt Geiger</td>\n",
       "      <td>48</td>\n",
       "      <td>11.5</td>\n",
       "      <td>4.5</td>\n",
       "      <td>1.6</td>\n",
       "      <td>3.0</td>\n",
       "      <td>52.4</td>\n",
       "      <td>0.0</td>\n",
       "      <td>0.1</td>\n",
       "      <td>0.0</td>\n",
       "      <td>...</td>\n",
       "      <td>1.9</td>\n",
       "      <td>67.4</td>\n",
       "      <td>1.0</td>\n",
       "      <td>1.5</td>\n",
       "      <td>2.5</td>\n",
       "      <td>0.3</td>\n",
       "      <td>0.3</td>\n",
       "      <td>0.4</td>\n",
       "      <td>0.8</td>\n",
       "      <td>1.0</td>\n",
       "    </tr>\n",
       "  </tbody>\n",
       "</table>\n",
       "<p>5 rows × 21 columns</p>\n",
       "</div>"
      ],
      "text/plain": [
       "              Name  GP   MIN  PTS  FGM  FGA   FG%  3P Made  3PA   3P%  ...  \\\n",
       "0   Brandon Ingram  36  27.4  7.4  2.6  7.6  34.7      0.5  2.1  25.0  ...   \n",
       "1  Andrew Harrison  35  26.9  7.2  2.0  6.7  29.6      0.7  2.8  23.5  ...   \n",
       "2   JaKarr Sampson  74  15.3  5.2  2.0  4.7  42.2      0.4  1.7  24.4  ...   \n",
       "3      Malik Sealy  58  11.6  5.7  2.3  5.5  42.6      0.1  0.5  22.6  ...   \n",
       "4      Matt Geiger  48  11.5  4.5  1.6  3.0  52.4      0.0  0.1   0.0  ...   \n",
       "\n",
       "   FTA   FT%  OREB  DREB  REB  AST  STL  BLK  TOV  TARGET_5Yrs  \n",
       "0  2.3  69.9   0.7   3.4  4.1  1.9  0.4  0.4  1.3          0.0  \n",
       "1  3.4  76.5   0.5   2.0  2.4  3.7  1.1  0.5  1.6          0.0  \n",
       "2  1.3  67.0   0.5   1.7  2.2  1.0  0.5  0.3  1.0          0.0  \n",
       "3  1.3  68.9   1.0   0.9  1.9  0.8  0.6  0.1  1.0          1.0  \n",
       "4  1.9  67.4   1.0   1.5  2.5  0.3  0.3  0.4  0.8          1.0  \n",
       "\n",
       "[5 rows x 21 columns]"
      ]
     },
     "execution_count": 19,
     "metadata": {},
     "output_type": "execute_result"
    }
   ],
   "source": [
    "#Cargar base de datos:\n",
    "df = pd.read_csv(r'C:\\Users\\Usuario\\Desktop\\CienciadeDatos\\nba_logreg2.csv', sep = \";\")\n",
    "df.head()"
   ]
  },
  {
   "cell_type": "code",
   "execution_count": 20,
   "metadata": {},
   "outputs": [
    {
     "name": "stdout",
     "output_type": "stream",
     "text": [
      "<class 'pandas.core.frame.DataFrame'>\n",
      "RangeIndex: 1329 entries, 0 to 1328\n",
      "Data columns (total 21 columns):\n",
      " #   Column       Non-Null Count  Dtype  \n",
      "---  ------       --------------  -----  \n",
      " 0   Name         1329 non-null   object \n",
      " 1   GP           1329 non-null   int64  \n",
      " 2   MIN          1329 non-null   float64\n",
      " 3   PTS          1329 non-null   float64\n",
      " 4   FGM          1329 non-null   float64\n",
      " 5   FGA          1329 non-null   float64\n",
      " 6   FG%          1329 non-null   float64\n",
      " 7   3P Made      1329 non-null   float64\n",
      " 8   3PA          1329 non-null   float64\n",
      " 9   3P%          1329 non-null   float64\n",
      " 10  FTM          1329 non-null   float64\n",
      " 11  FTA          1329 non-null   float64\n",
      " 12  FT%          1329 non-null   float64\n",
      " 13  OREB         1329 non-null   float64\n",
      " 14  DREB         1329 non-null   float64\n",
      " 15  REB          1329 non-null   float64\n",
      " 16  AST          1329 non-null   float64\n",
      " 17  STL          1329 non-null   float64\n",
      " 18  BLK          1329 non-null   float64\n",
      " 19  TOV          1329 non-null   float64\n",
      " 20  TARGET_5Yrs  1329 non-null   float64\n",
      "dtypes: float64(19), int64(1), object(1)\n",
      "memory usage: 218.2+ KB\n"
     ]
    }
   ],
   "source": [
    "#Información de los datos:\n",
    "df.info()"
   ]
  },
  {
   "cell_type": "code",
   "execution_count": 21,
   "metadata": {},
   "outputs": [
    {
     "data": {
      "text/html": [
       "<div>\n",
       "<style scoped>\n",
       "    .dataframe tbody tr th:only-of-type {\n",
       "        vertical-align: middle;\n",
       "    }\n",
       "\n",
       "    .dataframe tbody tr th {\n",
       "        vertical-align: top;\n",
       "    }\n",
       "\n",
       "    .dataframe thead th {\n",
       "        text-align: right;\n",
       "    }\n",
       "</style>\n",
       "<table border=\"1\" class=\"dataframe\">\n",
       "  <thead>\n",
       "    <tr style=\"text-align: right;\">\n",
       "      <th></th>\n",
       "      <th>GP</th>\n",
       "      <th>MIN</th>\n",
       "      <th>PTS</th>\n",
       "      <th>FGM</th>\n",
       "      <th>FGA</th>\n",
       "      <th>FG%</th>\n",
       "      <th>3P Made</th>\n",
       "      <th>3PA</th>\n",
       "      <th>3P%</th>\n",
       "      <th>FTM</th>\n",
       "      <th>FTA</th>\n",
       "      <th>FT%</th>\n",
       "      <th>OREB</th>\n",
       "      <th>DREB</th>\n",
       "      <th>REB</th>\n",
       "      <th>AST</th>\n",
       "      <th>STL</th>\n",
       "      <th>BLK</th>\n",
       "      <th>TOV</th>\n",
       "      <th>TARGET_5Yrs</th>\n",
       "    </tr>\n",
       "  </thead>\n",
       "  <tbody>\n",
       "    <tr>\n",
       "      <th>count</th>\n",
       "      <td>1329.000000</td>\n",
       "      <td>1329.000000</td>\n",
       "      <td>1329.000000</td>\n",
       "      <td>1329.000000</td>\n",
       "      <td>1329.000000</td>\n",
       "      <td>1329.000000</td>\n",
       "      <td>1329.000000</td>\n",
       "      <td>1329.000000</td>\n",
       "      <td>1329.000000</td>\n",
       "      <td>1329.000000</td>\n",
       "      <td>1329.000000</td>\n",
       "      <td>1329.000000</td>\n",
       "      <td>1329.000000</td>\n",
       "      <td>1329.000000</td>\n",
       "      <td>1329.000000</td>\n",
       "      <td>1329.000000</td>\n",
       "      <td>1329.000000</td>\n",
       "      <td>1329.000000</td>\n",
       "      <td>1329.000000</td>\n",
       "      <td>1329.000000</td>\n",
       "    </tr>\n",
       "    <tr>\n",
       "      <th>mean</th>\n",
       "      <td>60.402558</td>\n",
       "      <td>17.647931</td>\n",
       "      <td>6.820166</td>\n",
       "      <td>2.634763</td>\n",
       "      <td>5.902483</td>\n",
       "      <td>44.117532</td>\n",
       "      <td>0.249661</td>\n",
       "      <td>0.785628</td>\n",
       "      <td>19.308126</td>\n",
       "      <td>1.302784</td>\n",
       "      <td>1.827314</td>\n",
       "      <td>70.407148</td>\n",
       "      <td>1.007600</td>\n",
       "      <td>2.021445</td>\n",
       "      <td>3.028442</td>\n",
       "      <td>1.558992</td>\n",
       "      <td>0.620391</td>\n",
       "      <td>0.366140</td>\n",
       "      <td>1.196012</td>\n",
       "      <td>0.621520</td>\n",
       "    </tr>\n",
       "    <tr>\n",
       "      <th>std</th>\n",
       "      <td>17.481092</td>\n",
       "      <td>8.327441</td>\n",
       "      <td>4.365671</td>\n",
       "      <td>1.686850</td>\n",
       "      <td>3.598820</td>\n",
       "      <td>6.119492</td>\n",
       "      <td>0.384608</td>\n",
       "      <td>1.063856</td>\n",
       "      <td>16.022916</td>\n",
       "      <td>0.989341</td>\n",
       "      <td>1.326655</td>\n",
       "      <td>10.489838</td>\n",
       "      <td>0.779178</td>\n",
       "      <td>1.362464</td>\n",
       "      <td>2.062357</td>\n",
       "      <td>1.474159</td>\n",
       "      <td>0.410533</td>\n",
       "      <td>0.428534</td>\n",
       "      <td>0.724470</td>\n",
       "      <td>0.485191</td>\n",
       "    </tr>\n",
       "    <tr>\n",
       "      <th>min</th>\n",
       "      <td>11.000000</td>\n",
       "      <td>3.100000</td>\n",
       "      <td>0.700000</td>\n",
       "      <td>0.300000</td>\n",
       "      <td>0.800000</td>\n",
       "      <td>23.800000</td>\n",
       "      <td>0.000000</td>\n",
       "      <td>0.000000</td>\n",
       "      <td>0.000000</td>\n",
       "      <td>0.000000</td>\n",
       "      <td>0.000000</td>\n",
       "      <td>0.000000</td>\n",
       "      <td>0.000000</td>\n",
       "      <td>0.200000</td>\n",
       "      <td>0.300000</td>\n",
       "      <td>0.000000</td>\n",
       "      <td>0.000000</td>\n",
       "      <td>0.000000</td>\n",
       "      <td>0.100000</td>\n",
       "      <td>0.000000</td>\n",
       "    </tr>\n",
       "    <tr>\n",
       "      <th>25%</th>\n",
       "      <td>47.000000</td>\n",
       "      <td>10.800000</td>\n",
       "      <td>3.700000</td>\n",
       "      <td>1.400000</td>\n",
       "      <td>3.300000</td>\n",
       "      <td>40.200000</td>\n",
       "      <td>0.000000</td>\n",
       "      <td>0.000000</td>\n",
       "      <td>0.000000</td>\n",
       "      <td>0.600000</td>\n",
       "      <td>0.900000</td>\n",
       "      <td>64.800000</td>\n",
       "      <td>0.400000</td>\n",
       "      <td>1.000000</td>\n",
       "      <td>1.500000</td>\n",
       "      <td>0.600000</td>\n",
       "      <td>0.300000</td>\n",
       "      <td>0.100000</td>\n",
       "      <td>0.700000</td>\n",
       "      <td>0.000000</td>\n",
       "    </tr>\n",
       "    <tr>\n",
       "      <th>50%</th>\n",
       "      <td>63.000000</td>\n",
       "      <td>16.100000</td>\n",
       "      <td>5.600000</td>\n",
       "      <td>2.100000</td>\n",
       "      <td>4.800000</td>\n",
       "      <td>43.900000</td>\n",
       "      <td>0.100000</td>\n",
       "      <td>0.300000</td>\n",
       "      <td>22.400000</td>\n",
       "      <td>1.000000</td>\n",
       "      <td>1.500000</td>\n",
       "      <td>71.300000</td>\n",
       "      <td>0.800000</td>\n",
       "      <td>1.700000</td>\n",
       "      <td>2.500000</td>\n",
       "      <td>1.100000</td>\n",
       "      <td>0.500000</td>\n",
       "      <td>0.200000</td>\n",
       "      <td>1.000000</td>\n",
       "      <td>1.000000</td>\n",
       "    </tr>\n",
       "    <tr>\n",
       "      <th>75%</th>\n",
       "      <td>77.000000</td>\n",
       "      <td>22.900000</td>\n",
       "      <td>8.800000</td>\n",
       "      <td>3.400000</td>\n",
       "      <td>7.500000</td>\n",
       "      <td>47.800000</td>\n",
       "      <td>0.400000</td>\n",
       "      <td>1.200000</td>\n",
       "      <td>32.500000</td>\n",
       "      <td>1.700000</td>\n",
       "      <td>2.300000</td>\n",
       "      <td>77.600000</td>\n",
       "      <td>1.400000</td>\n",
       "      <td>2.600000</td>\n",
       "      <td>4.000000</td>\n",
       "      <td>2.000000</td>\n",
       "      <td>0.800000</td>\n",
       "      <td>0.500000</td>\n",
       "      <td>1.500000</td>\n",
       "      <td>1.000000</td>\n",
       "    </tr>\n",
       "    <tr>\n",
       "      <th>max</th>\n",
       "      <td>82.000000</td>\n",
       "      <td>40.900000</td>\n",
       "      <td>28.200000</td>\n",
       "      <td>10.200000</td>\n",
       "      <td>19.800000</td>\n",
       "      <td>73.700000</td>\n",
       "      <td>2.300000</td>\n",
       "      <td>6.500000</td>\n",
       "      <td>100.000000</td>\n",
       "      <td>7.700000</td>\n",
       "      <td>10.200000</td>\n",
       "      <td>100.000000</td>\n",
       "      <td>5.300000</td>\n",
       "      <td>9.600000</td>\n",
       "      <td>13.900000</td>\n",
       "      <td>10.600000</td>\n",
       "      <td>2.500000</td>\n",
       "      <td>3.900000</td>\n",
       "      <td>4.400000</td>\n",
       "      <td>1.000000</td>\n",
       "    </tr>\n",
       "  </tbody>\n",
       "</table>\n",
       "</div>"
      ],
      "text/plain": [
       "                GP          MIN          PTS          FGM          FGA  \\\n",
       "count  1329.000000  1329.000000  1329.000000  1329.000000  1329.000000   \n",
       "mean     60.402558    17.647931     6.820166     2.634763     5.902483   \n",
       "std      17.481092     8.327441     4.365671     1.686850     3.598820   \n",
       "min      11.000000     3.100000     0.700000     0.300000     0.800000   \n",
       "25%      47.000000    10.800000     3.700000     1.400000     3.300000   \n",
       "50%      63.000000    16.100000     5.600000     2.100000     4.800000   \n",
       "75%      77.000000    22.900000     8.800000     3.400000     7.500000   \n",
       "max      82.000000    40.900000    28.200000    10.200000    19.800000   \n",
       "\n",
       "               FG%      3P Made          3PA          3P%          FTM  \\\n",
       "count  1329.000000  1329.000000  1329.000000  1329.000000  1329.000000   \n",
       "mean     44.117532     0.249661     0.785628    19.308126     1.302784   \n",
       "std       6.119492     0.384608     1.063856    16.022916     0.989341   \n",
       "min      23.800000     0.000000     0.000000     0.000000     0.000000   \n",
       "25%      40.200000     0.000000     0.000000     0.000000     0.600000   \n",
       "50%      43.900000     0.100000     0.300000    22.400000     1.000000   \n",
       "75%      47.800000     0.400000     1.200000    32.500000     1.700000   \n",
       "max      73.700000     2.300000     6.500000   100.000000     7.700000   \n",
       "\n",
       "               FTA          FT%         OREB         DREB          REB  \\\n",
       "count  1329.000000  1329.000000  1329.000000  1329.000000  1329.000000   \n",
       "mean      1.827314    70.407148     1.007600     2.021445     3.028442   \n",
       "std       1.326655    10.489838     0.779178     1.362464     2.062357   \n",
       "min       0.000000     0.000000     0.000000     0.200000     0.300000   \n",
       "25%       0.900000    64.800000     0.400000     1.000000     1.500000   \n",
       "50%       1.500000    71.300000     0.800000     1.700000     2.500000   \n",
       "75%       2.300000    77.600000     1.400000     2.600000     4.000000   \n",
       "max      10.200000   100.000000     5.300000     9.600000    13.900000   \n",
       "\n",
       "               AST          STL          BLK          TOV  TARGET_5Yrs  \n",
       "count  1329.000000  1329.000000  1329.000000  1329.000000  1329.000000  \n",
       "mean      1.558992     0.620391     0.366140     1.196012     0.621520  \n",
       "std       1.474159     0.410533     0.428534     0.724470     0.485191  \n",
       "min       0.000000     0.000000     0.000000     0.100000     0.000000  \n",
       "25%       0.600000     0.300000     0.100000     0.700000     0.000000  \n",
       "50%       1.100000     0.500000     0.200000     1.000000     1.000000  \n",
       "75%       2.000000     0.800000     0.500000     1.500000     1.000000  \n",
       "max      10.600000     2.500000     3.900000     4.400000     1.000000  "
      ]
     },
     "execution_count": 21,
     "metadata": {},
     "output_type": "execute_result"
    }
   ],
   "source": [
    "#Descripción de los datos:\n",
    "df.describe()"
   ]
  },
  {
   "cell_type": "markdown",
   "metadata": {},
   "source": [
    "Análisis de Componentes Principales"
   ]
  },
  {
   "cell_type": "code",
   "execution_count": 22,
   "metadata": {},
   "outputs": [],
   "source": [
    "#Selección de variables continuas\n",
    "data = df[['MIN', 'PTS', 'FGM', 'FGA', 'FG%', '3P Made', '3PA','3P%', 'FTM', 'FTA', 'FT%', 'OREB', 'DREB', 'REB', 'AST', 'STL', 'BLK','TOV']]"
   ]
  },
  {
   "cell_type": "code",
   "execution_count": 23,
   "metadata": {},
   "outputs": [],
   "source": [
    "#Estandarizar dataset\n",
    "\n",
    "#Instanciar y aplicar fit_transfor a dataset\n",
    "data_std =  StandardScaler().fit_transform(data)\n",
    "\n",
    "# Generar dataframe desde los datos estandarizados, agregando nombre de columnas\n",
    "df_data_std = pd.DataFrame(data_std, columns=data.columns)"
   ]
  },
  {
   "cell_type": "code",
   "execution_count": 24,
   "metadata": {},
   "outputs": [
    {
     "data": {
      "text/plain": [
       "MIN        0.0\n",
       "PTS        0.0\n",
       "FGM       -0.0\n",
       "FGA       -0.0\n",
       "FG%        0.0\n",
       "3P Made    0.0\n",
       "3PA        0.0\n",
       "3P%        0.0\n",
       "FTM       -0.0\n",
       "FTA        0.0\n",
       "FT%        0.0\n",
       "OREB       0.0\n",
       "DREB      -0.0\n",
       "REB       -0.0\n",
       "AST       -0.0\n",
       "STL        0.0\n",
       "BLK       -0.0\n",
       "dtype: float64"
      ]
     },
     "execution_count": 24,
     "metadata": {},
     "output_type": "execute_result"
    }
   ],
   "source": [
    "df_data_std.iloc[:,:-1].apply(lambda x: np.mean(x).round(2))"
   ]
  },
  {
   "cell_type": "code",
   "execution_count": 25,
   "metadata": {},
   "outputs": [
    {
     "data": {
      "text/plain": [
       "MIN        1.0\n",
       "PTS        1.0\n",
       "FGM        1.0\n",
       "FGA        1.0\n",
       "FG%        1.0\n",
       "3P Made    1.0\n",
       "3PA        1.0\n",
       "3P%        1.0\n",
       "FTM        1.0\n",
       "FTA        1.0\n",
       "FT%        1.0\n",
       "OREB       1.0\n",
       "DREB       1.0\n",
       "REB        1.0\n",
       "AST        1.0\n",
       "STL        1.0\n",
       "BLK        1.0\n",
       "dtype: float64"
      ]
     },
     "execution_count": 25,
     "metadata": {},
     "output_type": "execute_result"
    }
   ],
   "source": [
    "df_data_std.iloc[:,:-1].apply(lambda x: np.var(x))"
   ]
  },
  {
   "cell_type": "code",
   "execution_count": 26,
   "metadata": {},
   "outputs": [
    {
     "data": {
      "text/html": [
       "<div>\n",
       "<style scoped>\n",
       "    .dataframe tbody tr th:only-of-type {\n",
       "        vertical-align: middle;\n",
       "    }\n",
       "\n",
       "    .dataframe tbody tr th {\n",
       "        vertical-align: top;\n",
       "    }\n",
       "\n",
       "    .dataframe thead th {\n",
       "        text-align: right;\n",
       "    }\n",
       "</style>\n",
       "<table border=\"1\" class=\"dataframe\">\n",
       "  <thead>\n",
       "    <tr style=\"text-align: right;\">\n",
       "      <th></th>\n",
       "      <th>MIN</th>\n",
       "      <th>PTS</th>\n",
       "      <th>FGM</th>\n",
       "      <th>FGA</th>\n",
       "      <th>FG%</th>\n",
       "      <th>3P Made</th>\n",
       "      <th>3PA</th>\n",
       "      <th>3P%</th>\n",
       "      <th>FTM</th>\n",
       "      <th>FTA</th>\n",
       "      <th>FT%</th>\n",
       "      <th>OREB</th>\n",
       "      <th>DREB</th>\n",
       "      <th>REB</th>\n",
       "      <th>AST</th>\n",
       "      <th>STL</th>\n",
       "      <th>BLK</th>\n",
       "      <th>TOV</th>\n",
       "    </tr>\n",
       "  </thead>\n",
       "  <tbody>\n",
       "    <tr>\n",
       "      <th>MIN</th>\n",
       "      <td>1.000000</td>\n",
       "      <td>0.911746</td>\n",
       "      <td>0.902864</td>\n",
       "      <td>0.910194</td>\n",
       "      <td>0.208341</td>\n",
       "      <td>0.389474</td>\n",
       "      <td>0.402814</td>\n",
       "      <td>0.165997</td>\n",
       "      <td>0.791089</td>\n",
       "      <td>0.779813</td>\n",
       "      <td>0.236160</td>\n",
       "      <td>0.573655</td>\n",
       "      <td>0.747065</td>\n",
       "      <td>0.710853</td>\n",
       "      <td>0.629147</td>\n",
       "      <td>0.757050</td>\n",
       "      <td>0.401011</td>\n",
       "      <td>0.826431</td>\n",
       "    </tr>\n",
       "    <tr>\n",
       "      <th>PTS</th>\n",
       "      <td>0.911746</td>\n",
       "      <td>1.000000</td>\n",
       "      <td>0.990874</td>\n",
       "      <td>0.979676</td>\n",
       "      <td>0.261587</td>\n",
       "      <td>0.345289</td>\n",
       "      <td>0.355198</td>\n",
       "      <td>0.151072</td>\n",
       "      <td>0.896245</td>\n",
       "      <td>0.880826</td>\n",
       "      <td>0.254404</td>\n",
       "      <td>0.576421</td>\n",
       "      <td>0.696560</td>\n",
       "      <td>0.679002</td>\n",
       "      <td>0.551561</td>\n",
       "      <td>0.674937</td>\n",
       "      <td>0.390496</td>\n",
       "      <td>0.850272</td>\n",
       "    </tr>\n",
       "    <tr>\n",
       "      <th>FGM</th>\n",
       "      <td>0.902864</td>\n",
       "      <td>0.990874</td>\n",
       "      <td>1.000000</td>\n",
       "      <td>0.980117</td>\n",
       "      <td>0.297113</td>\n",
       "      <td>0.287956</td>\n",
       "      <td>0.297898</td>\n",
       "      <td>0.119493</td>\n",
       "      <td>0.848146</td>\n",
       "      <td>0.840667</td>\n",
       "      <td>0.219423</td>\n",
       "      <td>0.597468</td>\n",
       "      <td>0.705191</td>\n",
       "      <td>0.692678</td>\n",
       "      <td>0.532261</td>\n",
       "      <td>0.662457</td>\n",
       "      <td>0.400744</td>\n",
       "      <td>0.834343</td>\n",
       "    </tr>\n",
       "    <tr>\n",
       "      <th>FGA</th>\n",
       "      <td>0.910194</td>\n",
       "      <td>0.979676</td>\n",
       "      <td>0.980117</td>\n",
       "      <td>1.000000</td>\n",
       "      <td>0.135815</td>\n",
       "      <td>0.388860</td>\n",
       "      <td>0.412053</td>\n",
       "      <td>0.197160</td>\n",
       "      <td>0.826244</td>\n",
       "      <td>0.805507</td>\n",
       "      <td>0.264405</td>\n",
       "      <td>0.505547</td>\n",
       "      <td>0.642752</td>\n",
       "      <td>0.616497</td>\n",
       "      <td>0.589038</td>\n",
       "      <td>0.689771</td>\n",
       "      <td>0.325503</td>\n",
       "      <td>0.845952</td>\n",
       "    </tr>\n",
       "    <tr>\n",
       "      <th>FG%</th>\n",
       "      <td>0.208341</td>\n",
       "      <td>0.261587</td>\n",
       "      <td>0.297113</td>\n",
       "      <td>0.135815</td>\n",
       "      <td>1.000000</td>\n",
       "      <td>-0.291573</td>\n",
       "      <td>-0.347680</td>\n",
       "      <td>-0.330690</td>\n",
       "      <td>0.253381</td>\n",
       "      <td>0.306360</td>\n",
       "      <td>-0.150996</td>\n",
       "      <td>0.512346</td>\n",
       "      <td>0.411103</td>\n",
       "      <td>0.466126</td>\n",
       "      <td>-0.103546</td>\n",
       "      <td>0.061130</td>\n",
       "      <td>0.390786</td>\n",
       "      <td>0.126429</td>\n",
       "    </tr>\n",
       "    <tr>\n",
       "      <th>3P Made</th>\n",
       "      <td>0.389474</td>\n",
       "      <td>0.345289</td>\n",
       "      <td>0.287956</td>\n",
       "      <td>0.388860</td>\n",
       "      <td>-0.291573</td>\n",
       "      <td>1.000000</td>\n",
       "      <td>0.982579</td>\n",
       "      <td>0.589855</td>\n",
       "      <td>0.155717</td>\n",
       "      <td>0.093059</td>\n",
       "      <td>0.312256</td>\n",
       "      <td>-0.218210</td>\n",
       "      <td>0.018688</td>\n",
       "      <td>-0.070865</td>\n",
       "      <td>0.374314</td>\n",
       "      <td>0.305146</td>\n",
       "      <td>-0.155955</td>\n",
       "      <td>0.257015</td>\n",
       "    </tr>\n",
       "    <tr>\n",
       "      <th>3PA</th>\n",
       "      <td>0.402814</td>\n",
       "      <td>0.355198</td>\n",
       "      <td>0.297898</td>\n",
       "      <td>0.412053</td>\n",
       "      <td>-0.347680</td>\n",
       "      <td>0.982579</td>\n",
       "      <td>1.000000</td>\n",
       "      <td>0.582337</td>\n",
       "      <td>0.170463</td>\n",
       "      <td>0.105784</td>\n",
       "      <td>0.320901</td>\n",
       "      <td>-0.231050</td>\n",
       "      <td>0.013611</td>\n",
       "      <td>-0.079111</td>\n",
       "      <td>0.408066</td>\n",
       "      <td>0.336757</td>\n",
       "      <td>-0.169245</td>\n",
       "      <td>0.282496</td>\n",
       "    </tr>\n",
       "    <tr>\n",
       "      <th>3P%</th>\n",
       "      <td>0.165997</td>\n",
       "      <td>0.151072</td>\n",
       "      <td>0.119493</td>\n",
       "      <td>0.197160</td>\n",
       "      <td>-0.330690</td>\n",
       "      <td>0.589855</td>\n",
       "      <td>0.582337</td>\n",
       "      <td>1.000000</td>\n",
       "      <td>0.030320</td>\n",
       "      <td>-0.032333</td>\n",
       "      <td>0.326372</td>\n",
       "      <td>-0.288759</td>\n",
       "      <td>-0.122949</td>\n",
       "      <td>-0.191071</td>\n",
       "      <td>0.262120</td>\n",
       "      <td>0.194329</td>\n",
       "      <td>-0.242274</td>\n",
       "      <td>0.108277</td>\n",
       "    </tr>\n",
       "    <tr>\n",
       "      <th>FTM</th>\n",
       "      <td>0.791089</td>\n",
       "      <td>0.896245</td>\n",
       "      <td>0.848146</td>\n",
       "      <td>0.826244</td>\n",
       "      <td>0.253381</td>\n",
       "      <td>0.155717</td>\n",
       "      <td>0.170463</td>\n",
       "      <td>0.030320</td>\n",
       "      <td>1.000000</td>\n",
       "      <td>0.980626</td>\n",
       "      <td>0.253125</td>\n",
       "      <td>0.586325</td>\n",
       "      <td>0.657652</td>\n",
       "      <td>0.657194</td>\n",
       "      <td>0.474403</td>\n",
       "      <td>0.599534</td>\n",
       "      <td>0.412565</td>\n",
       "      <td>0.804762</td>\n",
       "    </tr>\n",
       "    <tr>\n",
       "      <th>FTA</th>\n",
       "      <td>0.779813</td>\n",
       "      <td>0.880826</td>\n",
       "      <td>0.840667</td>\n",
       "      <td>0.805507</td>\n",
       "      <td>0.306360</td>\n",
       "      <td>0.093059</td>\n",
       "      <td>0.105784</td>\n",
       "      <td>-0.032333</td>\n",
       "      <td>0.980626</td>\n",
       "      <td>1.000000</td>\n",
       "      <td>0.110846</td>\n",
       "      <td>0.655408</td>\n",
       "      <td>0.704195</td>\n",
       "      <td>0.714267</td>\n",
       "      <td>0.427141</td>\n",
       "      <td>0.579737</td>\n",
       "      <td>0.473501</td>\n",
       "      <td>0.798856</td>\n",
       "    </tr>\n",
       "    <tr>\n",
       "      <th>FT%</th>\n",
       "      <td>0.236160</td>\n",
       "      <td>0.254404</td>\n",
       "      <td>0.219423</td>\n",
       "      <td>0.264405</td>\n",
       "      <td>-0.150996</td>\n",
       "      <td>0.312256</td>\n",
       "      <td>0.320901</td>\n",
       "      <td>0.326372</td>\n",
       "      <td>0.253125</td>\n",
       "      <td>0.110846</td>\n",
       "      <td>1.000000</td>\n",
       "      <td>-0.147512</td>\n",
       "      <td>-0.021901</td>\n",
       "      <td>-0.070799</td>\n",
       "      <td>0.292877</td>\n",
       "      <td>0.202791</td>\n",
       "      <td>-0.160008</td>\n",
       "      <td>0.195242</td>\n",
       "    </tr>\n",
       "    <tr>\n",
       "      <th>OREB</th>\n",
       "      <td>0.573655</td>\n",
       "      <td>0.576421</td>\n",
       "      <td>0.597468</td>\n",
       "      <td>0.505547</td>\n",
       "      <td>0.512346</td>\n",
       "      <td>-0.218210</td>\n",
       "      <td>-0.231050</td>\n",
       "      <td>-0.288759</td>\n",
       "      <td>0.586325</td>\n",
       "      <td>0.655408</td>\n",
       "      <td>-0.147512</td>\n",
       "      <td>1.000000</td>\n",
       "      <td>0.838904</td>\n",
       "      <td>0.932874</td>\n",
       "      <td>-0.010736</td>\n",
       "      <td>0.287982</td>\n",
       "      <td>0.649201</td>\n",
       "      <td>0.422708</td>\n",
       "    </tr>\n",
       "    <tr>\n",
       "      <th>DREB</th>\n",
       "      <td>0.747065</td>\n",
       "      <td>0.696560</td>\n",
       "      <td>0.705191</td>\n",
       "      <td>0.642752</td>\n",
       "      <td>0.411103</td>\n",
       "      <td>0.018688</td>\n",
       "      <td>0.013611</td>\n",
       "      <td>-0.122949</td>\n",
       "      <td>0.657652</td>\n",
       "      <td>0.704195</td>\n",
       "      <td>-0.021901</td>\n",
       "      <td>0.838904</td>\n",
       "      <td>1.000000</td>\n",
       "      <td>0.978199</td>\n",
       "      <td>0.189380</td>\n",
       "      <td>0.413893</td>\n",
       "      <td>0.687627</td>\n",
       "      <td>0.572049</td>\n",
       "    </tr>\n",
       "    <tr>\n",
       "      <th>REB</th>\n",
       "      <td>0.710853</td>\n",
       "      <td>0.679002</td>\n",
       "      <td>0.692678</td>\n",
       "      <td>0.616497</td>\n",
       "      <td>0.466126</td>\n",
       "      <td>-0.070865</td>\n",
       "      <td>-0.079111</td>\n",
       "      <td>-0.191071</td>\n",
       "      <td>0.657194</td>\n",
       "      <td>0.714267</td>\n",
       "      <td>-0.070799</td>\n",
       "      <td>0.932874</td>\n",
       "      <td>0.978199</td>\n",
       "      <td>1.000000</td>\n",
       "      <td>0.121302</td>\n",
       "      <td>0.382942</td>\n",
       "      <td>0.699615</td>\n",
       "      <td>0.538216</td>\n",
       "    </tr>\n",
       "    <tr>\n",
       "      <th>AST</th>\n",
       "      <td>0.629147</td>\n",
       "      <td>0.551561</td>\n",
       "      <td>0.532261</td>\n",
       "      <td>0.589038</td>\n",
       "      <td>-0.103546</td>\n",
       "      <td>0.374314</td>\n",
       "      <td>0.408066</td>\n",
       "      <td>0.262120</td>\n",
       "      <td>0.474403</td>\n",
       "      <td>0.427141</td>\n",
       "      <td>0.292877</td>\n",
       "      <td>-0.010736</td>\n",
       "      <td>0.189380</td>\n",
       "      <td>0.121302</td>\n",
       "      <td>1.000000</td>\n",
       "      <td>0.751109</td>\n",
       "      <td>-0.083851</td>\n",
       "      <td>0.747442</td>\n",
       "    </tr>\n",
       "    <tr>\n",
       "      <th>STL</th>\n",
       "      <td>0.757050</td>\n",
       "      <td>0.674937</td>\n",
       "      <td>0.662457</td>\n",
       "      <td>0.689771</td>\n",
       "      <td>0.061130</td>\n",
       "      <td>0.305146</td>\n",
       "      <td>0.336757</td>\n",
       "      <td>0.194329</td>\n",
       "      <td>0.599534</td>\n",
       "      <td>0.579737</td>\n",
       "      <td>0.202791</td>\n",
       "      <td>0.287982</td>\n",
       "      <td>0.413893</td>\n",
       "      <td>0.382942</td>\n",
       "      <td>0.751109</td>\n",
       "      <td>1.000000</td>\n",
       "      <td>0.136144</td>\n",
       "      <td>0.742301</td>\n",
       "    </tr>\n",
       "    <tr>\n",
       "      <th>BLK</th>\n",
       "      <td>0.401011</td>\n",
       "      <td>0.390496</td>\n",
       "      <td>0.400744</td>\n",
       "      <td>0.325503</td>\n",
       "      <td>0.390786</td>\n",
       "      <td>-0.155955</td>\n",
       "      <td>-0.169245</td>\n",
       "      <td>-0.242274</td>\n",
       "      <td>0.412565</td>\n",
       "      <td>0.473501</td>\n",
       "      <td>-0.160008</td>\n",
       "      <td>0.649201</td>\n",
       "      <td>0.687627</td>\n",
       "      <td>0.699615</td>\n",
       "      <td>-0.083851</td>\n",
       "      <td>0.136144</td>\n",
       "      <td>1.000000</td>\n",
       "      <td>0.284679</td>\n",
       "    </tr>\n",
       "    <tr>\n",
       "      <th>TOV</th>\n",
       "      <td>0.826431</td>\n",
       "      <td>0.850272</td>\n",
       "      <td>0.834343</td>\n",
       "      <td>0.845952</td>\n",
       "      <td>0.126429</td>\n",
       "      <td>0.257015</td>\n",
       "      <td>0.282496</td>\n",
       "      <td>0.108277</td>\n",
       "      <td>0.804762</td>\n",
       "      <td>0.798856</td>\n",
       "      <td>0.195242</td>\n",
       "      <td>0.422708</td>\n",
       "      <td>0.572049</td>\n",
       "      <td>0.538216</td>\n",
       "      <td>0.747442</td>\n",
       "      <td>0.742301</td>\n",
       "      <td>0.284679</td>\n",
       "      <td>1.000000</td>\n",
       "    </tr>\n",
       "  </tbody>\n",
       "</table>\n",
       "</div>"
      ],
      "text/plain": [
       "              MIN       PTS       FGM       FGA       FG%   3P Made       3PA  \\\n",
       "MIN      1.000000  0.911746  0.902864  0.910194  0.208341  0.389474  0.402814   \n",
       "PTS      0.911746  1.000000  0.990874  0.979676  0.261587  0.345289  0.355198   \n",
       "FGM      0.902864  0.990874  1.000000  0.980117  0.297113  0.287956  0.297898   \n",
       "FGA      0.910194  0.979676  0.980117  1.000000  0.135815  0.388860  0.412053   \n",
       "FG%      0.208341  0.261587  0.297113  0.135815  1.000000 -0.291573 -0.347680   \n",
       "3P Made  0.389474  0.345289  0.287956  0.388860 -0.291573  1.000000  0.982579   \n",
       "3PA      0.402814  0.355198  0.297898  0.412053 -0.347680  0.982579  1.000000   \n",
       "3P%      0.165997  0.151072  0.119493  0.197160 -0.330690  0.589855  0.582337   \n",
       "FTM      0.791089  0.896245  0.848146  0.826244  0.253381  0.155717  0.170463   \n",
       "FTA      0.779813  0.880826  0.840667  0.805507  0.306360  0.093059  0.105784   \n",
       "FT%      0.236160  0.254404  0.219423  0.264405 -0.150996  0.312256  0.320901   \n",
       "OREB     0.573655  0.576421  0.597468  0.505547  0.512346 -0.218210 -0.231050   \n",
       "DREB     0.747065  0.696560  0.705191  0.642752  0.411103  0.018688  0.013611   \n",
       "REB      0.710853  0.679002  0.692678  0.616497  0.466126 -0.070865 -0.079111   \n",
       "AST      0.629147  0.551561  0.532261  0.589038 -0.103546  0.374314  0.408066   \n",
       "STL      0.757050  0.674937  0.662457  0.689771  0.061130  0.305146  0.336757   \n",
       "BLK      0.401011  0.390496  0.400744  0.325503  0.390786 -0.155955 -0.169245   \n",
       "TOV      0.826431  0.850272  0.834343  0.845952  0.126429  0.257015  0.282496   \n",
       "\n",
       "              3P%       FTM       FTA       FT%      OREB      DREB       REB  \\\n",
       "MIN      0.165997  0.791089  0.779813  0.236160  0.573655  0.747065  0.710853   \n",
       "PTS      0.151072  0.896245  0.880826  0.254404  0.576421  0.696560  0.679002   \n",
       "FGM      0.119493  0.848146  0.840667  0.219423  0.597468  0.705191  0.692678   \n",
       "FGA      0.197160  0.826244  0.805507  0.264405  0.505547  0.642752  0.616497   \n",
       "FG%     -0.330690  0.253381  0.306360 -0.150996  0.512346  0.411103  0.466126   \n",
       "3P Made  0.589855  0.155717  0.093059  0.312256 -0.218210  0.018688 -0.070865   \n",
       "3PA      0.582337  0.170463  0.105784  0.320901 -0.231050  0.013611 -0.079111   \n",
       "3P%      1.000000  0.030320 -0.032333  0.326372 -0.288759 -0.122949 -0.191071   \n",
       "FTM      0.030320  1.000000  0.980626  0.253125  0.586325  0.657652  0.657194   \n",
       "FTA     -0.032333  0.980626  1.000000  0.110846  0.655408  0.704195  0.714267   \n",
       "FT%      0.326372  0.253125  0.110846  1.000000 -0.147512 -0.021901 -0.070799   \n",
       "OREB    -0.288759  0.586325  0.655408 -0.147512  1.000000  0.838904  0.932874   \n",
       "DREB    -0.122949  0.657652  0.704195 -0.021901  0.838904  1.000000  0.978199   \n",
